34.743240
62.240050
89.361470
116.562930
143.890010
171.058310
198.184030
225.291990
252.617050
279.956680
307.381210
337.031650
367.507410
394.679230
421.846860
448.836850
475.676210
502.611490
529.699720
556.864700
583.988790
610.980800
638.029330
665.177520
692.134790
719.408680
746.601290
774.618320
801.797060
829.308680
857.128820
884.452180
911.826050
939.026320
966.410080
994.058320
1021.112100
1048.239250
1076.115350
1103.888310
1131.947990
1160.565110
1189.212630
1217.162410
1245.425450
1273.658950
1300.878710
1328.121490
1355.776440
1384.190920
1412.251710
1440.482120
1468.197140
1495.801270
1523.077320
1550.448170
1578.469210
1606.097960
1633.321910
1660.649740
1689.439800
1718.312680
1746.803330
1774.738260
1802.108990
1829.548800
1858.701300
1888.269150
1916.513570
1945.067970
1972.405400
1999.581720
2027.606430
2054.871670
2082.388390
2110.366100
2139.008780
2167.258410
2194.171540
2221.267860
2248.631780
2278.196410
2306.540920
2335.875470
2364.230580
2392.782490
2420.008330
2446.941900
2473.827240
2501.075480
2528.289280
2555.938920
2583.506890
2611.445080
2638.776650
2666.056990
2693.292080
2720.777360
2749.223080
2777.247200
2804.598750
2831.646710
2858.941990
2885.849010
2914.619570
2943.008620
2972.379080
2999.467650
3026.639540
3053.869460
3081.059380
3108.345780
3135.485330
3162.700640
3189.897900
3217.199020
3244.399600
3271.519670
3302.154820
3329.280110
3356.486150
3383.688120
3411.021960
3438.669010
3466.919360
3494.192570
3521.621290
3548.778410
3576.231570
3603.418030
3630.661760
3657.850290
3685.597950
3712.878010
3740.159680
3767.321380
3794.531090
3821.749640
3848.931100
3876.181940
3903.333510
3930.561170
3958.670890
3985.798580
4013.030120
4040.381670
4068.378460
4096.648080
4125.030910
4152.331240
4179.447830
4206.599460
4233.747560
4260.941400
4288.071340
4315.187180
4342.279570
4369.396310
4396.510390
4423.341520
4451.323220
4479.410930
4506.446850
4533.756240
4560.906590
4588.199360
4615.958840
4645.028170
4672.287220
4699.508670
4726.630250
4754.108900
4782.246040
4809.437610
4836.611260
4863.788030
4890.921790
4917.797760
4944.941140
4972.760300
4999.897680
5027.098270
5054.326220
5081.542280
5111.781330
5138.846380
5165.889170
5192.945100
5220.651950
5248.029910
5278.497690
5305.375490
5332.317260
5359.229270
5386.741870
5413.812400
5442.818760
5471.064820
5498.149630
5525.376020
5552.642130
5579.807390
5606.981350
5634.196690
5661.397170
5688.582310
5716.142440
5743.309690
5771.007420
5799.999940
5828.508920
5857.792170
5885.952040
5913.861370
5940.783740
5968.076300
5995.718450
6023.686030
6051.237820
6079.507560
6107.509370
6134.897040
6162.489030
6189.787560
6218.510970
6245.701050
6272.930420
6300.096150
6327.157560
6354.490550
6382.282520
6410.427540
6437.923770
6465.850160
6493.240820
6520.448300
6548.709660
6576.482420
6603.606870
6630.716800
6657.852520
6684.929790
6711.996190
6740.239250
6768.505180
6796.385090
6823.408760
6851.662620
6879.446760
6909.837640
6937.139530
6964.287660
6991.877020
7019.465390
