9120.224970
9120.428760
9122.617990
9124.794410
9127.017930
9127.259240
9127.506520
9129.791670
9130.035480
9130.288120
9132.444930
9132.609770
9132.854710
9134.999490
9139.034550
9139.281380
9141.457170
9155.408940
9159.588050
9161.792650
9162.027700
9164.215000
9166.427500
9168.565390
9170.717880
9172.890290
9175.141100
9177.326090
9179.472460
9179.712690
9181.785810
9182.054900
9182.308630
9184.422310
9188.450160
9190.563990
9190.804600
9191.056820
9193.197410
9193.385450
9195.432380
9201.307100
9201.538570
9205.536010
9205.776640
9213.666670
9215.810190
9217.958860
9220.040930
9222.167320
9224.299930
9224.527870
9226.624110
9228.764420
9228.993490
9231.134230
9231.351470
9231.596670
9233.740100
9235.875780
9241.973630
9244.135440
9250.195440
9250.439160
9256.624120
9256.871130
9259.044720
9261.181550
9263.196670
9265.288400
9267.414900
9269.522790
9269.710750
9269.967470
9272.073100
9274.217240
9274.460120
9274.712960
9280.880940
9281.132420
9283.297690
9285.447690
9285.695890
9287.869270
9290.039120
9296.057980
9298.150450
9302.252560
9302.501700
9302.760590
9306.996400
9309.148670
9309.389390
9311.528820
9313.684010
9313.929580
9320.022240
9322.166470
9328.262900
9328.493700
9330.672510
9330.915570
9332.981860
9335.153140
9337.285280
9343.309040
9343.545560
9345.729050
9351.785630
9352.033450
9354.182620
9356.525190
9359.753640
9364.993460
9365.224200
9365.485720
9367.724480
9370.096770
9374.457920
9374.695600
9376.820840
9377.062780
9379.252140
9379.494450
9379.743340
9379.941110
9382.225340
9382.475180
9384.659260
9384.895430
9385.142170
9387.346760
9389.555320
9395.966240
9398.150070
9398.381250
9398.642460
9400.823550
9402.992010
9403.237150
9405.438760
9407.572210
9409.732950
9411.871250
9412.101450
9412.338530
9412.571490
9414.765250
9416.925480
9419.269910
9427.308310
9427.487470
9441.440960
9443.617550
9443.866420
9459.730490
9462.745990
9465.909310
9466.120200
9466.363780
9468.588590
9470.746650
9472.861290
9473.098350
9475.313620
9479.357740
9479.717480
9481.818640
9483.955390
9484.166310
9492.128140
9492.372020
9494.441300
9494.680600
9498.722870
9500.927080
9503.050170
9503.301990
9503.565090
9503.828240
9505.967540
9508.061330
9514.063390
9516.139630
9518.258420
9518.512710
9518.772970
9519.035630
9523.222720
9525.319330
9527.424590
9529.461700
9535.521510
9535.757750
9537.913460
9538.153880
9544.172160
9546.309370
9546.550190
9548.722730
9550.874680
9553.011250
9555.105650
9561.219990
9563.339390
9565.490040
9567.634880
9569.791330
9571.916410
9574.074040
9574.321120
9576.472730
9576.709050
9578.800560
9580.903710
9583.050160
9585.181110
9585.371540
9585.627330
9593.666350
9595.817500
9596.068130
9598.211850
9598.454470
9598.712560
9600.869430
9601.055530
9603.168190
9603.411310
9605.505930
9607.578010
9609.634670
9611.777630
9612.022040
9612.259610
9614.531700
9616.686290
9626.027090
9629.130860
9634.295980
9642.458100
9644.624070
9646.720110
9654.756460
9656.931300
9661.096750
9663.297330
9663.505560
9665.665640
9667.860950
9672.161690
9674.437220
9676.701770
9679.163870
