9122.506610
9124.680030
9126.877890
9129.597390
9132.332570
9134.887920
9137.011390
9138.919120
9141.303760
9143.523110
9145.526130
9147.430930
9149.353070
9151.363420
9153.322780
9155.294360
9157.471370
9159.506640
9161.675880
9164.100550
9166.349850
9168.527460
9170.633620
9172.775960
9174.968140
9177.208840
9179.325990
9181.706540
9184.306540
9186.413140
9188.348940
9190.441290
9193.084500
9195.395270
9197.412750
9199.330870
9201.194210
9203.518470
9205.470470
9207.766090
9209.695100
9211.608450
9213.523860
9215.687820
9217.847410
9219.978420
9222.058320
9224.189500
9226.567340
9228.645190
9231.024710
9233.644030
9235.767330
9237.889320
9239.861520
9241.855010
9244.018130
9246.153550
9248.146100
9250.079710
9252.468460
9254.453610
9256.416820
9258.929470
9261.058130
9263.157480
9265.169900
9267.298270
9269.409750
9272.010610
9274.101970
9276.756770
9278.676960
9280.706710
9283.178940
9285.331600
9287.754880
9289.926470
9292.059730
9294.025430
9295.942890
9298.087520
9300.214160
9302.133340
9304.814980
9306.805250
9309.021410
9311.414690
9313.566930
9316.024570
9318.027440
9319.961400
9322.046060
9324.240040
9326.236940
9328.182930
9330.553550
9332.896360
9335.033740
9337.172100
9339.267800
9341.258520
9343.134830
9345.557200
9347.707810
9349.666200
9351.575400
9354.007740
9356.360960
9359.591390
9362.742720
9364.873880
9367.657610
9369.868140
9372.275820
9374.301200
9376.708520
9379.135460
9382.112180
9384.547570
9387.237600
9389.468880
9391.647660
9393.820060
9395.849730
9398.036820
9400.715160
9402.879840
9405.328540
9407.533900
9409.615990
9411.758190
9414.650080
9416.815620
9419.156990
9421.349010
9423.338800
9425.298460
9427.247610
9430.659990
9433.473230
9435.425110
9437.377950
9439.334830
9441.283760
9443.506770
9445.928520
9447.880070
9449.837960
9451.789260
9453.749330
9455.709590
9457.678120
9459.634740
9462.485680
9465.706710
9468.465040
9470.634390
9472.752980
9475.121460
9477.321250
9479.315790
9481.741320
9483.839670
9486.197870
9488.193070
9490.121700
9492.046760
9494.383050
9496.694590
9498.610850
9500.756570
9502.938300
9505.848720
9507.968230
9510.106350
9512.019620
9513.943410
9516.077090
9518.181080
9521.161450
9523.090550
9525.205880
9527.308700
9529.411310
9531.456110
9533.427480
9535.341230
9537.798310
9540.218950
9542.146510
9544.058260
9546.190210
9548.606150
9550.764100
9552.901950
9555.032520
9557.122110
9559.035090
9560.950030
9563.258730
9565.375330
9567.514980
9569.678640
9571.824000
9573.936860
9576.359440
9578.738970
9580.825850
9582.939730
9585.069730
9587.663510
9589.631210
9591.546320
9593.595740
9595.694990
9598.131010
9600.754490
9603.096460
9605.446140
9607.542070
9609.598080
9611.659640
9614.333310
9616.558340
9618.715900
9620.640170
9622.900150
9625.860600
9629.016570
9632.157820
9634.171460
9636.356140
9638.381540
9640.331570
9642.337450
9644.545250
9646.681760
9648.781430
9650.768390
9652.718470
9654.694130
9656.825070
9659.023670
9661.059540
9663.173200
9665.586140
9667.728430
9669.952210
9672.003390
9674.226360
9676.494660
9678.765680
9681.348900
